{
  "advancedEditorSelectedIdentifier" : "ProjectBrowser",
  "openSceneRelativePaths" : [
    "Immersive.usda",
    "Scene.usda"
  ],
  "recentIdentifiers" : {
    "AF09ED6F-1707-48FD-8720-65B998362C09" : [

    ],
    "D66134B1-3681-4A8E-AFE5-29F257229F3B" : [

    ]
  },
  "sceneCameraHistory" : {
    "D66134B1-3681-4A8E-AFE5-29F257229F3B" : [
      {
        "date" : 748118929.204128,
        "title" : "Untitled",
        "transform" : [
          0.12958595,
          1.8348523e-10,
          -0.99156827,
          0,
          0.18685006,
          0.98208493,
          0.02441904,
          0,
          0.9738042,
          -0.18843894,
          0.12726441,
          0,
          2.8618817,
          0.83086795,
          -2.2682478,
          1
        ]
      },
      {
        "date" : 748118900.219964,
        "title" : "Untitled",
        "transform" : [
          0.5383081,
          -1.15248e-08,
          -0.8427482,
          0,
          0.2364145,
          0.95984584,
          0.1510105,
          0,
          0.8089083,
          -0.28052807,
          0.51669276,
          0,
          2.1562877,
          0.49431023,
          -0.8899299,
          1
        ]
      },
      {
        "date" : 748118878.148404,
        "title" : "Untitled",
        "transform" : [
          0.5383081,
          -1.15248e-08,
          -0.8427482,
          0,
          0.2364145,
          0.95984584,
          0.1510105,
          0,
          0.8089083,
          -0.28052807,
          0.51669276,
          0,
          2.1119227,
          0.39190903,
          -0.8760712,
          1
        ]
      },
      {
        "date" : 748114493.925207,
        "title" : "Untitled",
        "transform" : [
          0.5383081,
          6.5992065e-09,
          -0.8427482,
          0,
          0.23641452,
          0.95984584,
          0.15101053,
          0,
          0.80890834,
          -0.2805281,
          0.51669276,
          0,
          1.5041759,
          0.5653309,
          -0.062022697,
          1
        ]
      },
      {
        "date" : 748114370.285917,
        "title" : "Untitled",
        "transform" : [
          0.082216926,
          0.11612752,
          -0.98982567,
          0,
          0.14496739,
          0.9812313,
          0.1271605,
          0,
          0.98601466,
          -0.15394713,
          0.06383911,
          0,
          1.9216158,
          1.0048507,
          -1.7083333,
          1
        ]
      },
      {
        "date" : 748113832.704835,
        "title" : "Untitled",
        "transform" : [
          0.082216926,
          0.11612752,
          -0.98982567,
          0,
          0.14496739,
          0.9812313,
          0.1271605,
          0,
          0.98601466,
          -0.15394713,
          0.06383911,
          0,
          6.6810675,
          1.9776924,
          -1.2873039,
          1
        ]
      },
      {
        "date" : 748113824.493835,
        "title" : "Untitled",
        "transform" : [
          0.082216926,
          0.11612752,
          -0.98982567,
          0,
          0.14496739,
          0.9812313,
          0.1271605,
          0,
          0.98601454,
          -0.15394711,
          0.0638391,
          0,
          6.595175,
          1.4468181,
          -1.2408768,
          1
        ]
      },
      {
        "date" : 748113818.577565,
        "title" : "Untitled",
        "transform" : [
          0.07280128,
          0.11612751,
          -0.99056256,
          0,
          -0.03212582,
          0.99295586,
          0.114047006,
          0,
          0.99682885,
          0.023519915,
          0.07601914,
          0,
          6.228566,
          2.7157848,
          -1.1885343,
          1
        ]
      },
      {
        "date" : 748113423.327879,
        "title" : "Untitled",
        "transform" : [
          0.010496276,
          0.11612751,
          -0.9931788,
          0,
          -0.9226926,
          0.38393193,
          0.03513994,
          0,
          0.3853938,
          0.91602993,
          0.11117983,
          0,
          0.77939206,
          6.4019027,
          -1.1640744,
          1
        ]
      },
      {
        "date" : 748113408.42354,
        "title" : "Untitled",
        "transform" : [
          0.08268624,
          0.11612756,
          -0.98978686,
          0,
          -0.6792819,
          0.73329306,
          0.029287403,
          0,
          0.72920465,
          0.6699224,
          0.13951652,
          0,
          3.3644717,
          5.4849687,
          -0.9972164,
          1
        ]
      }
    ]
  },
  "sceneViewportBackgroundColors" : {

  },
  "selectedSceneRelativePath" : "Scene.usda"
}